lambda: 0.00461089989462071
alpha: 2.339185431719978
subsample: 0.8843557017194346
colsample_bytree: 0.7795190399711517
max_depth: 5
learning_rate: 0.008204611244539674
n_estimators: 766
